"V1"	"V2"	"V3"	"V4"
"1"	0	553	0	2
"2"	0.3132	551	0	3
"3"	0.7725	548	0	3
"4"	1.1257	545	3	1
"5"	1.3023	541	1	4
"6"	1.9028	536	5	2
"7"	2.1853	529	2	5
"8"	2.8918	522	4	3
"9"	3.2803	515	3	2
"10"	3.4568	510	3	1
"11"	3.598	506	3	2
"12"	3.9513	501	0	0
"13"	3.9958	501	2	0
"14"	4.1632	499	1	0
"15"	4.3043	498	4	0
"16"	4.4454	494	3	1
"17"	4.5512	490	3	0
"18"	4.6217	487	2	0
"19"	4.7629	485	4	0
"20"	4.9041	481	2	1
"21"	5.0453	478	2	0
"22"	5.2573	476	0	0
"23"	5.4338	476	2	1
"24"	5.7869	473	5	0
"25"	5.9283	468	0	1
"26"	6.0695	467	2	0
"27"	6.2107	465	2	0
"28"	6.2812	463	2	0
"29"	6.3869	461	4	1
"30"	6.6343	456	1	0
"31"	6.7048	455	2	0
"32"	6.8814	453	1	0
"33"	6.9871	452	5	1
"34"	7.0576	446	2	0
"35"	7.1637	444	0	1
"36"	7.5523	443	0	0
"37"	7.7287	443	5	0
"38"	7.8699	438	3	0
"39"	8.0035	435	2	0
"40"	8.212	433	2	0
"41"	8.2815	431	1	0
"42"	8.3289	430	0	0
"43"	8.47	430	4	0
"44"	8.6818	426	3	0
"45"	8.823	423	3	0
"46"	9.0701	420	2	0
"47"	9.1053	418	3	0
"48"	9.4938	415	4	0
"49"	9.5996	411	2	0
"50"	9.8823	409	0	0
"51"	9.9881	409	3	1
"52"	10.0587	405	2	0
"53"	10.1645	403	3	0
"54"	10.3411	400	1	0
"55"	10.4469	399	3	0
"56"	10.5882	396	0	0
"57"	10.7294	396	4	0
"58"	10.8353	392	2	0
"59"	10.9764	390	3	0
"60"	11.1883	387	2	0
"61"	11.2589	385	1	0
"62"	11.3647	384	2	0
"63"	11.5059	382	3	0
"64"	11.6473	379	0	0
"65"	11.7886	379	0	0
"66"	11.8945	379	2	0
"67"	12	377	1	0
"68"	12.3536	376	4	0
"69"	12.5654	372	2	0
"70"	12.7067	370	1	0
"71"	12.8833	369	1	1
"72"	13.0245	367	3	0
"73"	13.1305	364	0	0
"74"	13.3071	364	1	0
"75"	13.413	363	2	0
"76"	13.7309	361	2	0
"77"	13.872	359	3	0
"78"	13.978	356	0	1
"79"	14.402	355	2	0
"80"	14.5784	353	3	0
"81"	14.9317	350	2	1
"82"	15.073	347	1	0
"83"	15.285	346	0	0
"84"	15.4262	346	2	0
"85"	15.5673	344	3	0
"86"	15.7792	341	2	0
"87"	16	339	1	0
"88"	16.1678	338	1	0
"89"	16.3798	337	1	0
"90"	16.4503	336	2	1
"91"	16.6976	333	2	0
"92"	16.9096	331	0	0
"93"	17.0509	331	1	1
"94"	17.2274	329	1	0
"95"	17.404	328	3	0
"96"	17.5099	325	0	1
"97"	17.8986	324	1	0
"98"	18.1812	323	2	1
"99"	18.4282	320	4	0
"100"	18.8523	316	1	1
"101"	19.2762	314	2	0
"102"	19.4174	312	2	1
"103"	19.6645	309	3	0
"104"	19.8764	306	2	0
"105"	20	304	1	0
"106"	20.378	303	1	0
"107"	20.5402	302	1	0
"108"	20.6889	301	1	1
"109"	20.8654	299	3	0
"110"	20.9713	296	1	0
"111"	21.1478	295	4	0
"112"	21.4658	291	0	1
"113"	21.7837	290	2	0
"114"	22.2075	288	3	1
"115"	23.1617	284	0	1
"116"	23.3029	283	1	0
"117"	23.4795	282	1	0
"118"	23.6562	281	0	0
"119"	24	281	1	0
"120"	24.1564	280	1	1
"121"	24.3274	278	1	1
"122"	24.5747	276	1	1
"123"	24.7513	274	2	1
"124"	24.8572	271	2	1
"125"	25.0691	268	1	1
"126"	25.3163	266	2	0
"127"	25.4575	264	2	1
"128"	25.6695	261	1	1
"129"	25.8814	259	1	1
"130"	25.9873	257	2	1
"131"	26.1286	254	0	1
"132"	26.3406	253	1	0
"133"	26.4818	252	2	1
"134"	26.6937	249	1	1
"135"	26.835	247	1	1
"136"	26.9763	245	1	1
"137"	27.2589	243	2	2
"138"	27.6828	239	1	1
"139"	27.8241	237	0	0
"140"	28	237	2	0
"141"	28.0714	235	1	0
"142"	28.2479	234	1	2
"143"	29.1312	231	2	1
"144"	29.3785	228	1	0
"145"	29.5198	227	1	1
"146"	29.9082	225	3	1
"147"	30.3915	221	1	1
"148"	30.734	219	2	1
"149"	30.9337	216	2	1
"150"	31.2193	213	0	0
"151"	31.5904	213	1	1
"152"	32	211	1	0
"153"	32.2481	210	1	0
"154"	32.327	209	2	0
"155"	32.4751	207	2	1
"156"	32.9197	204	0	1
"157"	33.1961	203	2	0
"158"	33.275	201	2	0
"159"	33.3934	199	3	1
"160"	33.5118	195	2	0
"161"	33.9069	193	1	0
"162"	33.9859	192	1	2
"163"	34.7761	189	3	1
"164"	35.1711	185	1	1
"165"	35.6452	183	3	0
"166"	36	180	1	0
"167"	36.1588	179	1	4
"168"	37.3838	174	1	1
"169"	37.7787	172	4	1
"170"	38.1343	167	2	2
"171"	38.7662	163	4	0
"172"	38.9639	159	0	1
"173"	39.3195	158	0	1
"174"	39.6356	157	1	1
"175"	39.9121	155	2	0
"176"	40	153	1	8
"177"	40.8209	144	1	3
"178"	41.058	140	0	2
"179"	41.2555	138	2	5
"180"	41.7296	131	1	2
"181"	41.9666	128	1	4
"182"	42.3617	123	2	6
"183"	42.9148	115	1	7
"184"	43.5865	107	1	3
"185"	43.8235	103	2	1
"186"	44	100	0	12
"187"	45.0482	88	3	4
"188"	45.4038	81	1	2
"189"	45.6407	78	1	4
"190"	45.9567	73	1	2
"191"	46.1542	70	1	14
"192"	47.3593	55	2	3
"193"	47.5764	50	1	4
"194"	48	45	0	18
"195"	51.1329	27	1	2
"196"	51.3695	24	1	3
"197"	52	20	1	0
"198"	53.5023	19	2	0
